A
3
15.99900
1.00800
1.00800
-0.012667127409 -0.016093625701 0.000000000000
1.814624405577 -0.002113790354 0.000000000000
-0.441025273001 1.760120948052 0.000000000000
1638.459307
0.043256858275 0.055339986240 0.0000000000
-0.0027283715951 -0.70531614340 0.0000000000
-0.68384551287 -0.17304143582 0.0000000000
3787.958741
-0.031600500971 -0.039353870801 0.0000000000
0.71169945285 -0.042441400228 0.0000000000
-0.21013554904 0.66706697458 0.0000000000
3883.754091
-0.054540749336 0.043267175532 0.0000000000
0.69830876891 0.0057037747544 0.0000000000
0.16736330314 -0.69244141497 0.0000000000
-0.000826397822 -0.000951648815 0.000000000000
1.910099583640 -0.088906589475 0.000000000000
-0.548341180652 1.831771770286 0.000000000000
1383.158369
0.043819166329 0.056064401761 0.0000000000
-0.014767899755 -0.70512241905 0.0000000000
-0.68073095153 -0.18473310057 0.0000000000
3314.189351
-0.031151202556 -0.038164021742 0.0000000000
0.71431168439 -0.054568322607 0.0000000000
-0.21987905572 0.66030858437 0.0000000000
3367.334986
-0.056635383109 0.045205002205 0.0000000000
0.69379791124 -0.031700311883 0.0000000000
0.20512023793 -0.68579455942 0.0000000000
-2000.
3000.
500.
5.
1.
0.
6
10
0.001